ABERUK      	(212.4,114.5,176.7)
AELOYA      	(224.2,174.7,178.9)
AERAXIE     	(100.1,196.7,145.3)
AESELOM     	(105.8,227.2,81.0)
AGEBE       	(134.9,47.2,121.3)
AGOYSEI     	(225.2,213.0,126.6)
AKALIA      	(171.9,245.9,95.7)
ANABIA      	(33.8,133.0,4.9)
ASOREK      	(43.6,204.1,127.2)
AUSUA       	(133.1,175.8,164.5)
AZIACOR     	(215.1,201.1,233.5)
BAAL        	(32.1,148.3,138.4)
BALEPHEX    	(161.9,17.1,39.1)
BAVIDIRYX   	(47.9,201.9,36.5)
BAZALEGUDA  	(27.6,82.3,112.4)
BEGYDI      	(24.7,164.8,8.7)
BEUHT       	(78.2,31.5,98.1)
BILYA       	(182.7,19.5,7.4)
BITHRA      	(212.3,224.2,189.9)
COMOR       	(177.5,59.1,185.6)
CYBYDEISH   	(13.5,186.6,135.9)
CYPEGUI     	(204.6,130.8,200.4)
DANYN       	(164.6,242.7,210.2)
DAYNUR      	(225.8,54.2,108.9)
DEOL        	(53.8,7.8,170.2)
DESOL       	(10.1,242.8,166.9)
DORA        	(197.4,138.3,104.1)
DUBOFANG    	(4.3,227.8,240.6)
DULEVIS     	(89.3,169.4,181.4)
DUMOS       	(150.3,208.5,184.2)
EDAUM       	(22.0,47.3,34.0)
EDYNOK      	(46.6,11.8,71.1)
EFEMIRAZ    	(114.0,244.6,215.4)
ELORIL      	(110.8,88.2,67.7)
EMULAZ      	(12.8,213.8,91.4)
ENARAVIA    	(219.1,129.0,119.8)
ENIDU       	(218.8,249.1,225.0)
ENVOIN      	(186.4,114.1,224.8)
EPETE       	(78.6,240.2,90.2)
EPIRAO      	(227.5,37.6,101.4)
EPUNOX      	(71.8,210.9,83.8)
ERYOPOD     	(114.4,120.3,65.9)
ESTI        	(105.1,174.6,62.3)
ETUBEKET    	(103.7,15.9,137.0)
EXOPID      	(74.6,44.1,74.2)
FABEXI      	(153.8,99.0,196.9)
FEELOL      	(31.9,0.9,112.4)
FEMOLEK     	(137.6,224.4,166.3)
FEVAVETU    	(60.4,7.9,63.9)
FOLAU       	(1.7,99.3,85.4)
FULONOI     	(215.9,170.7,200.8)
GAFAEMA     	(12.6,5.9,166.0)
GEYU        	(131.0,77.8,82.8)
GOUR        	(31.3,244.9,22.3)
GYEL        	(107.1,223.8,145.5)
HADEKOU     	(145.4,140.4,8.7)
HAGII       	(139.9,171.3,193.5)
HAZUS       	(114.2,173.4,134.2)
HEPAVE      	(246.7,4.8,51.0)
HEZOKK      	(11.0,103.0,160.6)
HOKESEI     	(137.1,198.3,54.2)
HOLIHISI    	(59.7,232.7,85.3)
HOR         	(201.6,170.5,64.9)
HUMON       	(220.5,176.8,200.4)
ICOSA       	(62.7,147.4,237.7)
IDEDE       	(245.0,25.9,5.3)
IGUA        	(108.5,110.1,245.6)
IGYOK       	(138.5,22.5,126.1)
IMUZALO     	(150.7,111.7,250.0)
INUMUR      	(220.3,113.6,17.0)
INY         	(185.1,241.4,196.1)
IONICAI     	(45.5,38.4,134.2)
IPESUDOI    	(18.9,187.9,223.3)
ISIRA       	(237.9,82.9,242.7)
ITESU       	(138.8,217.1,126.3)
IVOZID      	(166.6,232.5,67.7)
IXRAEL      	(183.2,90.1,232.6)
IYNK        	(122.9,198.3,64.0)
IYRAFOX     	(179.6,139.3,53.3)
IZEKEI      	(36.6,157.8,99.1)
JAHAI       	(190.8,67.6,204.9)
JALAKEM     	(88.1,222.3,63.8)
JATIR       	(150.0,129.9,237.7)
JEHUKU      	(81.3,5.5,211.3)
JOGAM       	(67.4,84.9,92.3)
JOLYLAGEN   	(151.3,168.7,145.8)
JUPAQURI    	(64.0,56.5,64.5)
JUPECAE     	(169.6,114.9,70.6)
JYLOR       	(144.6,177.6,118.8)
KEXICI      	(244.6,33.2,68.4)
KILIV       	(183.1,228.1,120.3)
KINOHE      	(71.6,40.4,52.9)
KODUH       	(7.7,210.5,236.2)
KOFEST      	(181.4,94.8,151.4)
KUPEX       	(177.5,74.9,9.5)
KURIQ       	(79.6,179.2,151.5)
KYNI        	(82.7,29.4,225.7)
LAUST       	(46.4,14.6,168.5)
LENUH       	(113.2,184.1,221.7)
LEXAD       	(194.7,157.6,238.3)
LEXIVAZI    	(4.4,83.7,48.5)
LIBINYDA    	(7.1,222.2,114.1)
LICEO       	(183.8,58.8,51.0)
LOZ         	(172.7,213.7,61.8)
LUESO       	(6.6,77.6,152.1)
LUKAS       	(127.2,82.3,131.1)
LYLOZA      	(147.1,138.1,110.8)
MAKODE      	(12.8,86.1,207.1)
MALODEVAN   	(5.6,24.9,120.1)
MEHI        	(162.1,244.6,159.2)
MELEA       	(6.9,113.5,150.4)
MENYIXI     	(195.8,14.3,184.3)
MEREXA      	(82.3,17.7,18.8)
MITYRA      	(236.4,59.6,15.7)
MUZUSU      	(40.4,0.8,107.1)
MYONIREN    	(212.3,117.4,56.9)
MYTUK       	(116.5,146.0,28.6)
NAGROM      	(143.6,15.5,236.0)
NEFI        	(210.3,237.0,11.8)
NEM         	(111.9,43.7,188.6)
NEMES       	(11.6,62.6,146.6)
NONEI       	(140.7,140.9,230.5)
NUAG        	(92.8,209.0,133.7)
NUKIRI      	(80.3,141.5,235.4)
NUSA        	(113.4,151.0,160.9)
NYASET      	(192.7,109.7,40.4)
OBAN        	(16.6,22.6,3.3)
OBELOS      	(70.5,133.5,143.6)
OBETI       	(68.0,228.4,19.4)
OBIGI       	(241.7,247.0,30.5)
ODEGYHE     	(78.4,49.8,210.1)
ODIPET      	(207.3,191.2,29.5)
OETUS       	(238.9,169.5,131.4)
OFUMONE     	(201.4,44.1,108.4)
OGUIMOI     	(95.9,177.8,233.0)
OKEZER      	(80.7,247.5,198.5)
OKUAR       	(55.2,235.5,152.1)
OLEZIAS     	(101.8,95.9,194.2)
OMATISE     	(188.9,240.3,44.1)
ONAN        	(219.3,27.5,203.2)
ONEXY       	(57.5,174.8,221.0)
ONNEKI      	(230.6,115.0,127.2)
ONYRA       	(52.3,2.8,144.1)
OOPAK       	(115.6,80.4,173.9)
OOXIRK      	(84.1,25.1,155.1)
OSANERIG    	(51.1,207.8,84.1)
OSAT        	(195.6,18.1,86.6)
OTOR        	(236.7,173.8,175.5)
OUDUN       	(104.9,4.2,214.4)
OXURYI      	(78.7,210.5,85.6)
OZU         	(192.3,57.0,53.6)
PAPESIA     	(107.3,117.8,194.3)
PEJISI      	(32.3,68.0,89.2)
PHIZOISYDEM 	(135.5,106.0,188.5)
PYREIL      	(213.9,40.7,79.3)
QUAG        	(200.4,117.1,158.0)
QUL         	(68.2,39.9,153.3)
RAHULO      	(110.9,105.9,66.4)
REBASHYERS  	(167.6,228.0,62.4)
REBUMEN     	(42.5,92.4,43.3)
REHEZ       	(69.1,47.2,210.7)
REL         	(226.3,217.2,22.2)
RIMOV       	(247.4,102.2,166.1)
ROMA        	(179.4,107.4,131.2)
ROMEN       	(13.5,143.6,81.2)
RUAG        	(68.9,102.3,170.6)
RUSUVO      	(140.2,89.7,188.5)
RUXA        	(67.6,163.3,96.0)
RYOGEI      	(123.9,226.4,168.6)
SEDIH       	(93.9,245.6,228.9)
SEKA        	(137.5,140.4,108.4)
SENOJU      	(31.2,26.4,158.6)
SEZOMEG     	(184.6,216.3,103.3)
SIDHE       	(154.4,217.1,81.9)
SIGONIB     	(66.3,139.0,243.1)
SINII       	(109.2,107.8,33.8)
SINIPEHE    	(125.8,32.5,165.6)
SOQUAE      	(79.1,103.4,57.5)
SOSUL       	(24.1,106.6,164.4)
SOUBIEK     	(210.9,18.1,123.0)
SUENYO      	(134.6,122.2,131.2)
SUXTAK      	(183.0,126.1,95.4)
SYBAREM     	(78.2,190.6,188.2)
SYID        	(195.2,1.0,33.6)
SYPAS       	(214.7,234.5,95.0)
TAGOM       	(46.7,222.7,126.1)
TAQUL       	(26.3,3.5,68.3)
TAXIKANE    	(164.4,3.5,111.1)
TEMABORG    	(237.0,148.1,190.7)
TETUN       	(44.6,169.6,211.9)
TEVIX       	(62.9,138.2,152.6)
TREBOR      	(157.9,26.2,112.7)
TYGECIO     	(7.8,4.5,188.3)
TYR         	(247.4,123.3,163.5)
UBAMISAI    	(43.5,36.9,217.7)
UCOREB      	(47.0,80.9,38.2)
ULOI        	(184.4,99.0,133.6)
ULYDRLE     	(78.1,128.7,27.0)
ULYNINE     	(133.9,187.7,15.4)
UMEG        	(168.1,104.8,214.7)
UMEX        	(120.2,71.4,53.1)
UMIEDU      	(190.1,20.5,183.4)
UNX         	(194.0,145.9,13.4)
UPET        	(213.8,226.2,242.6)
UPOS        	(129.8,200.4,85.1)
UPYZEI      	(10.9,63.7,40.5)
URADEA      	(154.5,49.6,59.5)
URAMA       	(197.2,182.2,43.9)
USAI        	(63.6,114.7,157.9)
UTAI        	(188.3,173.8,131.6)
UVO         	(69.5,132.9,193.8)
UXE         	(180.6,25.4,144.7)
UZIKYR      	(199.1,221.0,202.8)
VATUZ       	(80.4,11.8,121.2)
VEKOI       	(238.7,241.6,63.2)
VELE        	(207.2,162.7,249.1)
VEPII       	(239.5,205.9,133.9)
VIPUX       	(39.7,88.0,180.7)
VORUY       	(247.0,139.2,18.9)
WEIRA       	(27.5,167.1,109.1)
WIOTUN      	(210.9,166.8,168.8)
WITIK       	(69.2,48.7,192.1)
WULIR       	(130.6,153.9,198.8)
XAXAQUI     	(2.2,54.5,224.4)
XIMOI       	(28.2,235.8,10.1)
XOBAR       	(166.5,42.7,243.2)
XURL        	(64.7,80.3,48.8)
XUSAK       	(177.0,203.2,231.7)
XYDISAZ     	(188.3,155.4,92.0)
YASIRUZA    	(37.3,188.2,224.6)
YDO         	(55.5,10.6,73.0)
YELAI       	(237.2,146.9,79.9)
YJEDI       	(189.7,221.1,19.6)
YLONAK      	(206.5,180.6,110.7)
YLUN        	(217.5,234.6,192.0)
YNED        	(1.9,127.1,88.1)
YOSAH       	(29.2,91.0,146.4)
YRIN        	(122.7,64.6,70.0)
YSEI        	(219.4,49.1,114.0)
YTES        	(94.0,70.9,41.4)
YTOK        	(237.5,100.6,41.4)
ZAHYGL      	(23.9,16.1,228.0)
ZAMIU       	(51.4,9.9,174.3)
ZAYIX       	(66.0,43.1,41.2)
ZEDA        	(146.0,213.2,43.7)
ZEEGABIH    	(141.4,92.2,8.9)
ZEI         	(83.6,26.6,217.7)
ZIGEH       	(21.2,31.2,132.8)
ZOG         	(60.9,165.7,104.1)
ZOI         	(147.2,161.2,69.6)
